0000000000
1111111111
2222222222
3333333333
4444444444
5555555555
6666666666
7777777777
8888888888
9999999999
10101010101010101010
11111111111111111111
12121212121212121212
13131313131313131313
14141414141414141414
15151515151515151515
16161616161616161616
17171717171717171717
18181818181818181818
19191919191919191919
20202020202020202020
21212121212121212121
22222222222222222222
23232323232323232323
24242424242424242424
25252525252525252525
26262626262626262626
27272727272727272727
28282828282828282828
29292929292929292929
30303030303030303030
31313131313131313131
32323232323232323232
33333333333333333333
34343434343434343434
35353535353535353535
36363636363636363636
37373737373737373737
38383838383838383838
39393939393939393939
40404040404040404040
41414141414141414141
42424242424242424242
43434343434343434343
44444444444444444444
45454545454545454545
46464646464646464646
47474747474747474747
48484848484848484848
49494949494949494949
50505050505050505050
51515151515151515151
52525252525252525252
53535353535353535353
54545454545454545454
55555555555555555555
56565656565656565656
57575757575757575757
58585858585858585858
59595959595959595959
60606060606060606060
61616161616161616161
62626262626262626262
63636363636363636363
64646464646464646464
65656565656565656565
66666666666666666666
67676767676767676767
68686868686868686868
69696969696969696969
70707070707070707070
71717171717171717171
72727272727272727272
73737373737373737373
74747474747474747474
75757575757575757575
76767676767676767676
77777777777777777777
78787878787878787878
79797979797979797979
80808080808080808080
81818181818181818181
82828282828282828282
83838383838383838383
84848484848484848484
85858585858585858585
86868686868686868686
87878787878787878787
88888888888888888888
89898989898989898989
90909090909090909090
91919191919191919191
92929292929292929292
93939393939393939393
94949494949494949494
95959595959595959595
96969696969696969696
97979797979797979797
98989898989898989898
99999999999999999999
100100100100100100100100100100
101101101101101101101101101101
102102102102102102102102102102
103103103103103103103103103103
104104104104104104104104104104
105105105105105105105105105105
106106106106106106106106106106
107107107107107107107107107107
108108108108108108108108108108
109109109109109109109109109109
110110110110110110110110110110
111111111111111111111111111111
112112112112112112112112112112
113113113113113113113113113113
114114114114114114114114114114
115115115115115115115115115115
116116116116116116116116116116
117117117117117117117117117117
118118118118118118118118118118
119119119119119119119119119119
120120120120120120120120120120
121121121121121121121121121121
122122122122122122122122122122
123123123123123123123123123123
124124124124124124124124124124
125125125125125125125125125125
126126126126126126126126126126
127127127127127127127127127127
128128128128128128128128128128
129129129129129129129129129129
130130130130130130130130130130
131131131131131131131131131131
132132132132132132132132132132
133133133133133133133133133133
134134134134134134134134134134
135135135135135135135135135135
136136136136136136136136136136
137137137137137137137137137137
138138138138138138138138138138
139139139139139139139139139139
140140140140140140140140140140
141141141141141141141141141141
142142142142142142142142142142
143143143143143143143143143143
144144144144144144144144144144
145145145145145145145145145145
146146146146146146146146146146
147147147147147147147147147147
148148148148148148148148148148
149149149149149149149149149149
150150150150150150150150150150
151151151151151151151151151151
152152152152152152152152152152
153153153153153153153153153153
154154154154154154154154154154
155155155155155155155155155155
156156156156156156156156156156
157157157157157157157157157157
158158158158158158158158158158
159159159159159159159159159159
160160160160160160160160160160
161161161161161161161161161161
162162162162162162162162162162
163163163163163163163163163163
164164164164164164164164164164
165165165165165165165165165165
166166166166166166166166166166
167167167167167167167167167167
168168168168168168168168168168
169169169169169169169169169169
170170170170170170170170170170
171171171171171171171171171171
172172172172172172172172172172
173173173173173173173173173173
174174174174174174174174174174
175175175175175175175175175175
176176176176176176176176176176
177177177177177177177177177177
178178178178178178178178178178
179179179179179179179179179179
180180180180180180180180180180
181181181181181181181181181181
182182182182182182182182182182
183183183183183183183183183183
184184184184184184184184184184
185185185185185185185185185185
186186186186186186186186186186
187187187187187187187187187187
188188188188188188188188188188
189189189189189189189189189189
190190190190190190190190190190
191191191191191191191191191191
192192192192192192192192192192
193193193193193193193193193193
194194194194194194194194194194
195195195195195195195195195195
196196196196196196196196196196
197197197197197197197197197197
198198198198198198198198198198
199199199199199199199199199199
200200200200200200200200200200
201201201201201201201201201201
202202202202202202202202202202
203203203203203203203203203203
204204204204204204204204204204
205205205205205205205205205205
206206206206206206206206206206
207207207207207207207207207207
208208208208208208208208208208
209209209209209209209209209209
210210210210210210210210210210
211211211211211211211211211211
212212212212212212212212212212
213213213213213213213213213213
214214214214214214214214214214
215215215215215215215215215215
216216216216216216216216216216
217217217217217217217217217217
218218218218218218218218218218
219219219219219219219219219219
220220220220220220220220220220
221221221221221221221221221221
222222222222222222222222222222
223223223223223223223223223223
224224224224224224224224224224
225225225225225225225225225225
226226226226226226226226226226
227227227227227227227227227227
228228228228228228228228228228
229229229229229229229229229229
230230230230230230230230230230
231231231231231231231231231231
232232232232232232232232232232
233233233233233233233233233233
234234234234234234234234234234
235235235235235235235235235235
236236236236236236236236236236
237237237237237237237237237237
238238238238238238238238238238
239239239239239239239239239239
240240240240240240240240240240
241241241241241241241241241241
242242242242242242242242242242
243243243243243243243243243243
244244244244244244244244244244
245245245245245245245245245245
246246246246246246246246246246
247247247247247247247247247247
248248248248248248248248248248
249249249249249249249249249249
250250250250250250250250250250
251251251251251251251251251251
252252252252252252252252252252
253253253253253253253253253253
254254254254254254254254254254
255255255255255255255255255255
256256256256256256256256256256
257257257257257257257257257257
258258258258258258258258258258
259259259259259259259259259259
260260260260260260260260260260
261261261261261261261261261261
262262262262262262262262262262
263263263263263263263263263263
264264264264264264264264264264
265265265265265265265265265265
266266266266266266266266266266
267267267267267267267267267267
268268268268268268268268268268
269269269269269269269269269269
270270270270270270270270270270
271271271271271271271271271271
272272272272272272272272272272
273273273273273273273273273273
274274274274274274274274274274
275275275275275275275275275275
276276276276276276276276276276
277277277277277277277277277277
278278278278278278278278278278
279279279279279279279279279279
280280280280280280280280280280
281281281281281281281281281281
282282282282282282282282282282
283283283283283283283283283283
284284284284284284284284284284
285285285285285285285285285285
286286286286286286286286286286
287287287287287287287287287287
288288288288288288288288288288
289289289289289289289289289289
290290290290290290290290290290
291291291291291291291291291291
292292292292292292292292292292
293293293293293293293293293293
294294294294294294294294294294
295295295295295295295295295295
296296296296296296296296296296
297297297297297297297297297297
298298298298298298298298298298
299299299299299299299299299299
300300300300300300300300300300
301301301301301301301301301301
302302302302302302302302302302
303303303303303303303303303303
304304304304304304304304304304
305305305305305305305305305305
306306306306306306306306306306
307307307307307307307307307307
308308308308308308308308308308
309309309309309309309309309309
310310310310310310310310310310
311311311311311311311311311311
312312312312312312312312312312
313313313313313313313313313313
314314314314314314314314314314
315315315315315315315315315315
316316316316316316316316316316
317317317317317317317317317317
318318318318318318318318318318
319319319319319319319319319319
320320320320320320320320320320
321321321321321321321321321321
322322322322322322322322322322
323323323323323323323323323323
324324324324324324324324324324
325325325325325325325325325325
326326326326326326326326326326
327327327327327327327327327327
328328328328328328328328328328
329329329329329329329329329329
330330330330330330330330330330
331331331331331331331331331331
332332332332332332332332332332
333333333333333333333333333333
334334334334334334334334334334
335335335335335335335335335335
336336336336336336336336336336
337337337337337337337337337337
338338338338338338338338338338
339339339339339339339339339339
340340340340340340340340340340
341341341341341341341341341341
342342342342342342342342342342
343343343343343343343343343343
344344344344344344344344344344
345345345345345345345345345345
346346346346346346346346346346
347347347347347347347347347347
348348348348348348348348348348
349349349349349349349349349349
350350350350350350350350350350
351351351351351351351351351351
352352352352352352352352352352
353353353353353353353353353353
354354354354354354354354354354
355355355355355355355355355355
356356356356356356356356356356
357357357357357357357357357357
358358358358358358358358358358
359359359359359359359359359359
360360360360360360360360360360
361361361361361361361361361361
362362362362362362362362362362
363363363363363363363363363363
364364364364364364364364364364
365365365365365365365365365365
366366366366366366366366366366
367367367367367367367367367367
368368368368368368368368368368
369369369369369369369369369369
370370370370370370370370370370
371371371371371371371371371371
372372372372372372372372372372
373373373373373373373373373373
374374374374374374374374374374
375375375375375375375375375375
376376376376376376376376376376
377377377377377377377377377377
378378378378378378378378378378
379379379379379379379379379379
380380380380380380380380380380
381381381381381381381381381381
382382382382382382382382382382
383383383383383383383383383383
384384384384384384384384384384
385385385385385385385385385385
386386386386386386386386386386
387387387387387387387387387387
388388388388388388388388388388
389389389389389389389389389389
390390390390390390390390390390
391391391391391391391391391391
392392392392392392392392392392
393393393393393393393393393393
394394394394394394394394394394
395395395395395395395395395395
396396396396396396396396396396
397397397397397397397397397397
398398398398398398398398398398
399399399399399399399399399399
400400400400400400400400400400
401401401401401401401401401401
402402402402402402402402402402
403403403403403403403403403403
404404404404404404404404404404
405405405405405405405405405405
406406406406406406406406406406
407407407407407407407407407407
408408408408408408408408408408
409409409409409409409409409409
410410410410410410410410410410
411411411411411411411411411411
412412412412412412412412412412
413413413413413413413413413413
414414414414414414414414414414
415415415415415415415415415415
416416416416416416416416416416
417417417417417417417417417417
418418418418418418418418418418
419419419419419419419419419419
420420420420420420420420420420
421421421421421421421421421421
422422422422422422422422422422
423423423423423423423423423423
424424424424424424424424424424
425425425425425425425425425425
426426426426426426426426426426
427427427427427427427427427427
428428428428428428428428428428
